50 50
00000000000000000000000000000000000000000000000000
00111111111111111000000000000111110000011111000000
00122222222222221111111111000122211111112221000000
00122222222222221122222221111122222222222221000000
00122222222222221222222222222222211111112221000000
00122222222222221222222221111122210000012221000000
00111111121111111222222221000111110000011211000000
00000000121000001211111111000000000000001210000000
01111111121111001210000000000000000000001210000000
01222222222221001210000000000000000000001211111100
01222222222221001210000000000000000000001222222100
01222222222221111211111111111111111111101222222100
01222222222222222221122222222222222222101222222100
01222222222221112221122222222222222222101222222100
01222222222221011111122222222222222222101222222100
01222222222221000000122222222222222222101222222100
01222222222221000000122222222222222222101122222100
01222222222221000000122222222222222222100122222100
01222222222221000000122222222222222222100122222100
01222222322221000000122222222222222222100122222100
01222222222221000000122222222222222222100122222100
01111111111111000000122222222222222222100122222100
00000000000000000000122222222222222222100111211100
00000011111111111110122222222222222222100001210000
00000012222222222210122222222222222222100001210000
00000012222222222210122222222222222222100001210000
00000012222222222210122222222222222222100011211000
00000012222222222210122222222222222222100012221000
00000011121111111110122222222222222222100012221000
00000000121000000000122222222222222222100012221000
00000000121000000000111111111111121111100012221000
00000111121111000000000000000000121000000012221000
00000122222221000001111111111111121000000012221000
00000122222221000001222222222222221111111012221000
00000122222221000001222111122222222222221012221000
00000122222221000001121100122222222222221011211000
00000122222221000000121000111111112111111001210000
00000122222221111111121110000000012100000001210000
00000111121111122222222210000000012100000001210000
00000000121000122222222210011111112111111101211111
00000000121000122222222210012222222222222111222221
00001111121110122222222210012222222222222222222221
00001222222210122222222210012222222222222111222221
00001222222211122222222210012222222222222101222221
00001222222222222222222210011111111111111101111111
00001222222211122222222210000000000000000000000000
00001222222210122222222210000000000000000000000000
00001222222210122222222210000000000000000000000000
00001111111110111111111110000000000000000000000000
00000000000000000000000000000000000000000000000000
