50 50
00000000000000000000000000000000000000000000000000
00000000000111110000000000000000000000111111111111
00000000000122210000000000000000000111122222222221
00000000000122210000000000000000000122222221112221
00111111111122211111111111111111110122222221011211
00122222222222222222222222222222210122222221001210
00122222111122211122222222222222210122222221011211
00111121100122210111111111111111110111111111012221
00000121000122210000000000000000000000000000012221
00111121111122210000000000000000000000000000011211
00122222221112110000000000000000000000000000001210
00122222221012100000011111111111111111111100111211
00111111111012100000012222222222222222222100122221
00000000000012100000012222222222222222222100122221
00000000111112111000012222222222222222222100121111
00000000122222221000012222222222222222222100121000
00000000122222221000012222222222222222222101121100
00000000122222321000012222222222222222222101222100
00000000122222221000012222222222222222222101222100
00000000111211111000012222222222222222222101222100
00000000001210000000011111111112111111111101222100
00000000111211100000000000000012100000000001211100
00011111122222111111000000001112111110000001210000
00012222222222222221000000001222222210000001210000
00012111122222112221000000001222222210000001210000
00112110122222112211111111111222222210000011211000
00122210111111112222222222222222222210000012221000
00122210000000012111111222111222222210000012221000
00122210000011112111101121101222222210000012221000
00122210000012222222100121001222222210000012221000
00121110000012222222100121001222222210000012221000
00121000000011111111100121001111211110000012221000
00121000000000000000000121000001210000000012221000
01121101111111110001111121111101211111111112221000
01222101222222210001222222222101222222222222211000
01222101222222210001222222222101112222211111110000
01222101222222210001222222222100011121110000000000
01222111222222210001222222222100000121000000000000
01222222222222210001222222222100011121111111000000
01222111222222210001222222222100012222222221000000
01222101222222210001222222222100012222222221111111
01222101222222210001222222222100012222222222222221
01222101222222210001111111112100012222222221112221
01222101222222210000000000012100012222222221012221
01111101222222210000000011112111112222222221012221
00000001222222210000000012222222111111111111011111
00000001111111110000000012222222100000000000000000
00000000000000000000000011111111100000000000000000
00000000000000000000000000000000000000000000000000
00000000000000000000000000000000000000000000000000
